9004 31126 22948 6415 17595 7117 11656 1090 10982 130
27119 25047 22463 26721 5412 1360 18492 22879 3571 14558
21681 19816 14779 26571 30252 27509 31214 13985 7190 31441
18489 16092 15561 21995 3979 13310 3734 23593 17995 19651
20427 21151 17639 5364 22766 13863 5892 8664 28466 11288
5589 9169 19774 19042 12347 12666 15108 8812 25795 100
53 32233 16190 1779 13565 7878 13390 10941 9666 26383
6936 6458 6460 13268 11636 31937 8333 2422 2285 13429
15008 4279 1156 17418 15116 24115 29667 29142 24842 8160
18137 1401 28690 29040 21275 22981 3755 8297 19561 15859
20126 4353 18554 10993 7733 7111 8312 25267 20343 16735
5504 18730 18086 23999 23431 20614 26484 6970 31086 1018
9679 16704 24168 32180 32484 31246 20143 27015 28492 10891
21327 12736 25378 12580 18323 5740 16135 20966 9365 23528
23625 21672 21480 23243 21249 21445 30113 11020 4748 4164
17903 7776 14821 30870 480 32231 12344 18422 13799 32691
32332 23461 27381 121 14172 25878 19113 23192 20522 16205
2365 29436 10152 7323 22889 18505 21118 30774 11562 14982
22310 9367 16179 30313 22109 23826 27762 2683 20079 31365
11094 13747 29935 13446 8013 30177 32028 24752 11623 10146
32099 3281 8831 31111 20459 4974 10563 4763 4778 29025
21472 29287 20147 8693 29656 28764 17294 2798 7103 8051
2104 32207 31930 17948 20125 24193 27785 26962 16926 2732
666 16543 8269 12421 3794 11096 22326 3184 23918 12016
6706 4791 15057 7212 13855 17788 8100 2695 40 32642
12582 1951 31396 13783 3851 5961 14918 15211 288 13624
11546 8722 6416 6675 5862 2795 2550 18698 21935 649
25622 23749 29849 28103 7463 656 28656 5059 24435 874
19243 10186 21671 18781 21270 19309 31785 9780 19921 28529
30516 6181 12467 3818 28070 17624 5580 2123 32460 6851
8566 19302 4221 31205 8371 11439 21185 3006 13259 16046
12565 31592 29702 21321 28214 20659 4745 15418 18013 25854
6036 32389 31028 18226 21767 22701 7137 993 7720 14708
27104 1760 31336 29020 10812 1909 17879 24816 19574 743
22670 28567 29820 25613 9554 16683 27744 19374 13101 10738
20826 22767 29655 16712 12959 27471 26004 13290 19468 3392
30985 19682 26524 2149 18616 26481 12303 23471 21123 978
8245 13210 22308 2652 5335 2991 29749 22787 3463 25560
9909 5044 24893 7527 10087 9287 324 17087 4133 16625
16538 1128 30180 13513 11574 18391 31862 3308 20175 26345
3319 26596 12921 984 775 11312 21418 28454 11404 28250
14836 2688 32152 23456 24693 17339 32324 27629 30360 14002
23252 12175 17187 4278 17510 19433 32331 16887 30233 9608
27646 30465 21019 31505 2177 11040 14570 18652 7917 21845
5665 28432 11608 7182 23139 6435 28894 2221 16322 28124
25871 9123 27979 14049 8327 7921 15995 20573 17146 18161
10216 8511 27717 15903 22043 4991 8269 14595 22784 16988
24484 15247 12282 29996 31805 26851 31871 29787 7198 3074
19997 2029 10810 5807 12370 29130 30345 2836 13048 14253
13102 29307 20503 18780 5747 20812 9696 23495 31281 4600
24193 12448 31215 15021 25636 6010 20882 19891 7912 32338
17437 9737 20504 27496 17113 13120 10774 21135 8977 30230
1749 10634 1814 9223 19180 28265 24001 4364 20947 15653
16172 1377 11178 14161 20241 10988 9617 30177 1394 13965
30275 8911 2593 16333 25971 8399 22360 891 6512 22
11246 6924 9627 28889 24311 31287 30567 6304 19174 11736
7177 30711 2899 30342 32348 28549 32587 7339 28239 14114
8857 21779 25351 18309 4143 32662 26686 7206 5418 29784
26470 23984 16652 19153 20943 8311 20303 29426 20300 406
12561 26455 16321 22229 12528 23342 3707 14652 29363 1075
13513 12232 5457 27199 9828 16745 14627 22251 4664 16772
15159 9266 2052 7874 5647 7728 23467 30038 22137 15210
21560 7018 7834 19567 850 15087 32030 4436 5573 13190
25203 10062 858 12407 23631 8304 32561 16402 7938 6200
21758 8600 6111 15467 28631 28582 25593 24362 179 1713
16511 28357 31947 2899 8422 22599 2608 29938 30897 19378
664 11752 9188 26689 26602 25526 26590 2050 31288 12507
374 15993 13386 26142 32082 20651 187 15704 10063 32411
16096 15745 26564 21221 29215 10380 6321 10921 1972 31505
10524 27061 25948 24715 21086 6539 17467 3778 730 25735
9594 21080 18620 17477 730 2259 18332 7166 31637 595
3951 24324 20233 22765 11887 20079 800 16710 13196 31027
9343 11942 22841 5037 6327 12468 17888 29711 8583 10385
24685 4688 26888 25149 23315 3920 6603 31312 31023 1060
30312 5293 16675 26717 15928 20047 17114 9586 5088 12778
11047 8510 12837 5707 24011 1972 4282 26522 2463 15997
10556 1708 11626 19559 23728 26232 5459 15077 26186 2594
19462 19913 17397 16451 30743 24589 9204 1644 21151 14117
7933 17183 4818 11726 3183 22965 31756 5929 4530 28260
15964 11037 6077 7011 29378 13650 32695 29461 10976 20760
13135 31035 20475 10715 20014 21879 8585 21274 19824 30521
8493 6325 10398 8697 16495 29406 7776 31912 15951 30732
29290 29096 31411 16066 22972 11671 28445 5650 16822 16071
31550 26550 24325 10403 17252 10888 29594 30971 16798 26440
3393 10111 25727 16246 28137 23060 31542 1151 16190 8014
2655 18061 29010 16833 17045 18180 20682 5340 14613 7872
30451 3463 8807 9672 19891 5386 7914 8386 26670 17888
10741 20167 9671 9534 23028 13432 11961 7317 24217 25205
22385 31659 9217 7877 22191 21749 32449 14922 30287 5471
7370 20784 8627 6272 29175 23393 18563 30882 29436 24587
16240 190 9664 27985 23737 7975 4803 18160 2670 5563
17944 15407 12766 4779 2665 2472 13247 23216 1671 22187
18834 5235 2685 32511 14047 28295 31173 17044 12561 27500
7634 14432 14391 6429 25717 9727 25071 22233 1221 23834
5327 26006 26694 20275 10634 10891 9199 28920 2142 4910
27701 22387 10939 4134 22511 18816 14121 25885 3986 8729
17448 16527 21605 29818 6638 27254 8337 7645 13127 24059
6287 28995 20392 31751 24549 7048 8711 1827 30051 17151
28559 18968 15028 29736 14003 213 6951 14171 1530 26957
5966 2873 8930 28205 10853 3024 24779 3633 20182 5268
12816 2621 19487 14386 483 2872 21418 24197 6023 3988
17227 26082 4261 6829 14224 18125 24534 15721 3964 31280
16709 916 20602 17229 26646 557 7704 19004 9427 3317
11863 3278 29036 20994 21471 74 23883 17477 5605 10004
14840 21181 26500 32584 20700 1409 13637 6227 28860 21572
13574 1195 29472 23302 31156 28738 15870 19796 1772 26119
3608 4636 1338 16806 21611 24761 27876 26851 3469 20547
25019 29602 23429 26926 26147 7682 16290 7477 68 17204
16353 32212 13665 25214 649 973 3792 24560 15268 3356
27380 24561 20448 11017 27906 21886 29747 32211 28227 13378
22086 5127 29261 406 26299 27687 28575 26940 18785 1564
22743 24776 3565 11514 22574 25331 12960 29154 4334 6836
13986 11596 6903 21950 13743 14812 1641 23146 8273 5041
7676 23912 16895 3123 24095 28862 26813 27802 31812 15491
20383 18800 21566 8810 20454 27945 5076 20310 27546 13733
12155 13945 26232 13813 31662 9083 31335 2482 8142 3832
16742 3185 24956 12178 1444 2095 9315 23732 937 13723
26681 30123 22636 12038 15653 20577 6648 415 8551 28623
28424 10167 16460 24525 18460 4338 31231 29927 2842 24010
17263 24464 3472 8051 17032 27100 17901 22029 5959 10377
9515 11156 5018 16555 13271 12174 10438 6946 26856 16376
14970 953 5992 7815 2849 32363 22485 29342 27990 22544
16888 31997 10731 12627 8293 25788 29459 16580 3029 18617
20970 9998 24496 31498 21585 26043 20604 15841 430 7825
2627 27529 10989 31581 8519 5252 12493 26864 8987 6888
8644 9329 18954 31677 6037 30724 19800 22164 17521 10133
6139 9130 14401 31217 9243 24899 19956 28267 14419 28518
25882 8085 9961 21525 29655 27555 21299 31005 26317 28257
3540 31018 3463 11039 6153 4831 11368 1978 22180 29969
23757 9756 9149 18743 3574 13559 23066 18757 25932 22671
31795 17897 27562 18304 19053 1609 29947 25979 11056 27911
4512 6895 9312 17203 13463 1152 18053 31799 31072 748
9050 22740 23406 15374 25797 24883 9146 1795 19131 32539
16769 2017 12735 18052 21293 16182 15303 7864 15917 23700
32468 12584 4919 8768 14300 1554 23415 8504 2205 663
1043 12678 27084 4551 70 3366 29623 29607 5273 27723
17954 487 3098 4713 16439 1110 19610 13233 2794 14131
29310 2384 7330 23483 13080 23123 1951 9912 4753 23581
20134 14746 4649 27729 4032 231 15145 10251 2015 10837
24187 23020 761 28024 27723 26059 22116 20332 2461 10041
31439 2633 23546 29204 2224 21219 28692 6028 22670 17546
25754 18907 14797 5363 24072 15111 29687 83 28839 1546
8837 11703 30072 20794 5569 20630 8645 4862 19660 15172
26069 4178 28490 11185 24385 12679 19963 24196 15622 29846
8407 25058 2542 30230 19349 2233 8167 2245 27739 25301
13402 30806 27898 11721 13890 20140 29111 32092 30417 28443
29411 22969 22865 17764 8032 25582 20086 9537 4435 7339
32660 3602 27440 7456 1656 9688 7997 31350 5218 16615
5124 7711 25804 6173 7901 27259 15367 18795 2006 24012
19322 4732 22967 11487 28032 4804 5595 5611 26920 375
834 6943 7825 5533 21870 10821 24408 29610 7923 2452
32540 4392 2486 28984 7027 27170 17858 17098 13233 7123
7670 21872 10462 18424 19092 30991 18458 14069 22234 7341
22122 13419 25831 3930 29295 31859 21236 27610 5878 31783
15292 1068 28749 1688 17810 3828 20221 7215 6209 25679
17223 13235 7672 10673 31081 1833 5491 26766 2793 16293
14237 2764 11616 4890 16989 13602 4349 2494 8470 15801
2509 30756 1600 1121 11825 28671 679 24136 4156 666
21117 3942 6475 1129 17350 1240 16875 3436 4709 6638
9186 21367 29861 7684 709 26263 11279 2513 13171 10446
6850 10538 25092 23579 28394 29345 8766 9346 19339 16820
14331 25871 27084 14499 4571 18517 16171 11543 11052 15392
17733 25370 10632 25099 7128 8656 9243 24097 32412 5577
12078 2395 23938 3826 22184 25211 12968 7465 7597 15714
9085 3848 7280 8760 18308 15423 2977 29667 10769 18279
13950 28531 24939 12752 29686 28293 3277 11376 22958 881
8937 9428 27571 10461 4843 19012 5753 13491 25525 17657
14178 12525 1256 18941 22117 25797 28453 27950 3688 1176
446 10726 13756 22736 15239 18163 30366 24041 8401 22303
5014 2048 9805 14876 15871 322 21357 2108 20189 9766
9425 23785 10927 30751 14581 27802 11369 16040 26518 10719
12325 32732 7491 23787 31490 5837 9663 9215 27753 28236
15046 8650 30710 20199 27620 30073 3039 16763 5578 15917
7095 15175 27259 23489 27113 3173 10240 6058 29833 13372
6266 27120 18194 29815 2625 19648 31038 14382 10422 32669
23575 11643 22676 22856 31420 8396 19079 26298 24042 10879
31405 5308 23457 9893 13472 27598 10437 1513 12878 31333
12039 24894 14925 27772 20376 20585 26126 16558 12469 24470
6387 1090 7338 18288 24812 24488 28099 915 26530 28057
19015 10818 12782 10211 16001 31072 733 262 13849 4308
13788 25160 5424 23766 1618 12983 25826 14948 29828 13730
26339 23743 11763 10509 16998 6638 6451 27519 31512 27514
6241 20864 14325 12023 13930 14021 1460 20683 122 19199
9148 26446 1786 27726 10101 17674 30456 8332 12950 6163
6802 1793 29325 24682 4007 27449 26494 17795 4326 20799
2905 27399 27374 24761 32416 10553 13985 1558 17054 11281
14718 2059 23462 7390 13568 31633 17731 21743 13427 29245
18671 11742 372 30816 9327 17841 29538 8311 2294 23975
21089 2043 2198 14836 14047 4640 3348 9406 9154 413
22702 826 30102 12490 26376 10672 9882 6067 8934 5609
30996 8843 22053 26204 6474 31496 1686 4539 17237 9351
16205 1750 20654 20404 6011 23070 23163 25849 17477 15650
5040 28238 12444 17197 25423 21370 23763 15347 12987 31138
5336 17884 21140 20491 4691 14689 7672 25690 27076 23924
10116 9067 9998 905 25525 16684 5957 11534 21757 32083
28343 12862 13066 15145 2905 3455 26100 18119 29309 30646
825 21144 21989 28272 5856 28187 20000 13542 32327 9782
29954 31831 30823 27215 10409 122 18344 8272 27838 9865
12867 26713 29871 24292 23043 17537 9695 22635 13018 30172
12036 11970 20355 27746 14587 14055 14419 3738 8722 27579
25995 30841 4905 7742 22412 10009 24081 28347 9009 31174
21261 10362 4322 3049 4394 22735 15912 13216 11921 17376
15705 3529 20876 13518 22732 8593 32612 18556 20850 30881
9596 20786 24355 12614 23816 10442 15988 174 12136 23598
8327 31255 8214 3257 26854 19791 29938 32124 3095 18371
13067 9205 2730 7476 28518 1369 21774 3482 21675 1688
3299 25201 20956 783 29945 26215 7370 15500 10716 1253
29276 27649 9867 14208 23901 28804 24836 30789 25178 18478
3300 922 3790 17195 21904 19676 7106 14744 13035 12322
6340 20448 31418 28170 28898 31156 12930 2129 27824 7603
16017 27340 28939 2126 27978 28182 123 5642 25413 25135
11862 1736 16240 24574 16009 9681 1541 4899 23475 21119
6061 7855 22886 8574 18629 21155 436 24416 12915 6876
11571 21556 19936 20814 27288 12702 14529 23579 504 1431
21286 29849 18232 21403 27599 19505 25555 11 19566 25546
14352 9666 12827 8819 26958 19028 25167 27921 21174 14601
13247 3591 16231 30147 14287 32715 20912 16010 10187 17261
13320 28494 19007 18533 18037 6269 16283 8979 781 1932
2045 14938 3767 25575 6000 18514 13476 9926 9514 15428
20899 8527 24294 215 16421 14611 6924 27484 8855 23640
6990 14550 29519 9133 23439 11582 22482 31152 25568 21590
20774 21873 24782 16054 16602 216 7667 27799 30512 18754
128 5848 31118 22408 30055 27029 25268 32536 14306 24816
3612 3444 14276 2788 1209 9719 14137 6230 10241 22300
24928 9814 6159 23573 31227 16172 30440 21968 27892 4765
7716 8259 20181 21808 30238 11227 836 24780 979 27723
16304 18588 22266 11192 6851 4636 32059 7680 17171 32102
3836 12631 18872 29081 3433 11598 24873 3794 28305 9640
21327 2372 3725 25719 32665 2183 28150 6603 20511 6474
4046 20045 3957 15811 16392 24789 8472 29720 16925 15771
29091 17782 2281 3093 11749 10892 8296 8226 13004 30463
4537 3781 5722 10936 19144 29514 30723 30121 11864 23925
10825 23393 4897 28273 26887 16006 28083 32232 17099 9450
11171 21117 7455 9955 25432 5307 9360 10917 25707 29965
1279 7672 18816 12833 14340 23948 13019 8518 10803 92
19773 31150 15703 9290 7454 21378 28994 2874 6491 29854
3280 2288 11033 32585 31860 31781 32268 11088 5173 28430
3414 13222 794 14090 3389 8612 32738 27619 11212 1247
5250 28922 16532 21697 18091 25419 29482 17368 23808 15583
8036 16294 30192 2072 31206 8302 2610 16611 30996 6499
24636 11324 25143 26470 21286 21922 13214 19345 28401 6603
15439 15357 16128 6197 8414 3661 980 26116 11651 31027
8315 28437 26931 10175 23864 23800 21854 18536 14590 29742
2688 24420 22648 3889 24912 29421 18807 26251 7152 6568
27191 22801 22576 18899 13045 31743 13630 10270 27236 11066
20778 14491 29247 4964 21716 26005 18756 383 26759 26510
6224 28202 18203 27466 13917 16457 12405 13609 24463 21941
727 20548 30681 25961 9151 2497 20616 26139 4817 23158
16958 30784 7725 13250 14284 28804 4466 22988 27721 6391
27445 18687 25498 15389 8364 7680 27298 25743 11012 28250
13305 3290 27711 2930 21921 21239 15329 3444 28454 19490
3106 22983 19214 7383 30538 14607 32046 3838 16011 24439
4901 13086 25676 17413 19757 18492 25591 2132 23087 25507
30197 16011 20647 11239 31336 4406 3442 1716 18392 17510
7553 26125 20039 20399 26846 13887 23813 6468 7372 24809
9997 31503 26279 12628 23869 27106 23304 29094 11625 25212
11409 28419 30494 25236 30635 32630 19260 14806 6903 16996
16031 3077 3920 19921 25596 899 15308 21551 7193 22627
27274 21614 27662 6746 31170 609 17596 15545 7582 12224
3772 25190 1610 7168 22423 10663 25864 19208 18600 31480
25725 22733 3368 2060 28271 23875 11747 12882 26712 24162
22944 17686 32596 14827 18643 15190 3549 24968 25740 103
26055 17899 17187 14385 28496 29218 23764 24471 24652 27171
17986 29879 26159 30398 28300 18864 5877 29 20985 21892
18616 92 25700 5420 1206 26364 20549 25391 28765 7754
22552 11724 19398 8393 11081 10436 9062 12042 25389 14700
10370 7992 5451 16341 24414 7755 1421 25799 5786 27343
30249 25873 27809 12213 1539 3763 20200 10593 12545 31580
8291 1046 12224 14936 25424 25532 14829 27318 18148 461
19801 23065 31883 18181 8753 7429 27963 31811 21676 30416
1046 12107 32252 333 12310 18730 8989 12755 3809 22856
6640 23593 9090 19664 790 28746 32466 11862 4314 10718
15734 19555 21660 28440 4641 28640 27417 9109 10016 3360
9323 23891 22495 4284 9806 4596 18115 11143 13805 468
15219 13023 22498 1410 2424 14862 31533 18028 23948 23893
32134 12246 453 16189 16791 26739 11763 28928 19857 14864
7738 22320 30797 31127 20898 8332 25151 17502 1301 17532
17801 2485 5071 7438 12252 401 24444 13675 22917 26911
3231 26611 29276 7618 5844 10446 25179 25573 22173 25216
2769 10901 1268 18160 22919 21264 19042 2409 12711 6169
24270 4974 23966 1575 17502 14119 29060 3848 28448 14237
2978 16347 22461 29089 9223 19841 29814 11340 19777 58
2610 12618 5886 832 6227 14657 14776 17591 22311 27545
26412 25349 6826 26142 13471 23910 19081 4380 915 19140
31396 19601 4684 20154 26743 25819 25668 4203 16239 7493
2523 20039 3553 13852 4720 13962 22997 20424 4000 28436
17624 18923 24334 1681 17517 1732 15434 25598 24276 30259
24802 9066 23064 25796 29641 1439 7848 32427 25405 2818
24067 9748 27784 21097 24865 7704 29839 28614 7555 32440
8458 24801 1220 32686 17070 25625 21586 12354 5462 20862
17616 2208 22793 20270 31090 16313 7305 21752 31071 28195
11447 24876 3458 25632 9382 10826 29264 4395 30594 27495
18309 9970 22647 7407 4131 32272 4264 20027 20403 29503
25914 112 24773 11399 4552 31678 17080 25185 7882 26286
21361 13177 32285 10999 16132 20741 29155 10891 30745 12550
29534 17494 3009 565 18184 10712 15847 19381 27573 4010
31129 21804 30131 7724 32603 14907 28806 13904 23722 27559
21292 8740 23958 20315 8126 18604 5993 17039 23959 20669
5282 25416 30638 28076 6040 8591 30266 28349 31590 8634
12033 16154 25024 3401 8823 4639 10281 229 15642 29736
15360 24904 1225 4516 6713 9682 31573 7022 31973 3521
21971 18190 24510 10981 19711 29500 8665 18556 27148 25643
28767 30500 13524 24691 8698 24006 4963 10812 19519 19426
22718 13642 19457 18280 27566 24537 14242 28253 22635 17760
11601 25038 9403 30207 14145 17750 31988 26979 23608 8162
7125 11172 22039 15711 2034 18538 10256 27290 2222 1880
19513 6121 20441 16727 2761 21273 16551 31702 1455 5988
26150 13279 24 14817 14877 20003 21559 26689 1877 18294
25719 7883 24702 5258 29068 29193 11127 9185 11080 1122
15630 1856 27472 23565 27247 4436 20522 4512 16306 8715
5332 19381 17341 21189 19957 23423 12356 16384 3672 3052
5823 14452 17965 6342 19814 13825 6301 5307 11769 19890
25135 27984 3195 6322 21062 3441 31908 5630 273 17696
12302 23456 1898 24241 10053 31424 23000 7178 15494 7405
5993 6506 29108 31504 18502 22767 19691 18513 25070 9321
4481 2249 25212 13934 8930 32215 29662 14198 22637 16896
21133 6897 29711 14222 18991 17626 19320 4532 3168 12026
3992 21606 8508 23318 18356 3220 10206 29077 2376 28940
11075 15408 30373 29676 6358 16614 1857 8966 10937 12940
21083 6722 20182 1781 23324 6383 6873 3364 6203 15471
7799 26953 22285 26452 31515 25810 19873 16225 5464 32087
12324 13975 24561 28808 14579 12638 6549 9926 4683 18267
11076 26354 20651 2548 21140 14310 29536 29309 11029 21071
26541 2407 17439 13240 28499 5879 18881 14075 12768 10932
19750 6515 14137 9952 20852 15533 22788 32071 20206 5535
1372 24605 3207 9047 10665 19916 13416 12386 31639 10286
16224 6110 21653 27687 32193 15603 13910 21692 30451 28010
32717 8548 5072 16091 14075 17282 21915 13873 6732 1959
13738 1936 30157 21811 28086 4609 31030 20235 30831 21184
22432 22343 21328 18522 14197 26675 7513 9972 18023 15041
30239 31720 29544 2916 26996 25879 17315 23274 32087 20189
18052 29577 20853 14021 15674 21893 3522 30598 17510 8899
101 22086 16630 6383 24048 9257 21765 23864 20215 24745
18820 27206 21874 104 27753 24586 25212 6733 18091 5296
11805 25158 20442 2548 19736 9950 27324 4307 25050 18027
4752 32458 19502 31137 26220 11994 28005 28345 16007 30632
30861 10813 20822 22494 10055 16325 25582 1211 20218 10192
11598 24240 2665 17375 3208 13678 5241 29949 26758 6526
20363 16371 9175 15102 14827 13784 13453 5223 9768 23579
25378 26429 22575 2269 26018 11198 7429 16911 8188 5530
11693 30114 30593 15978 8052 25142 29606 30310 17853 18605
10875 12542 29058 32287 13134 24733 12300 28637 17871 27153
21934 17198 30205 12818 23679 28188 4336 15673 9089 5048
11616 15777 26690 27821 541 596 17401 1489 18054 5889
25890 21414 31106 22308 5699 27940 32148 26223 13019 10046
13114 25616 4960 14606 16678 14717 22406 5511 2962 25649
10333 30458 7970 25250 3643 20417 21561 21505 21562 16464
31202 22227 30531 10119 11477 12834 10732 1997 25563 10473
23455 29694 16470 12864 20244 27129 19539 19440 31171 1668
18925 24742 21369 22676 6388 28437 23628 21978 12174 12815
17797 30366 8139 20354 14040 2660 1196 23068 27963 26550
21046 13145 16801 14758 26103 913 10332 10962 23333 8834
22188 5730 21869 7445 19036 23909 28979 12390 25398 13315
5805 25831 4503 26141 11659 3857 6229 10617 30135 27066
15014 12580 17844 19053 32230 6311 30723 24841 18304 13826
32350 30425 20193 13448 29280 5999 27675 21046 28288 11423
1569 5648 12334 27040 24355 10970 2487 3893 28363 17220
19652 988 7002 27676 24373 7488 6062 17739 17843 15529
28245 15580 8525 17281 19527 27567 16620 29164 6554 270
4687 28576 19228 24178 24869 1647 1744 23890 15487 31033
13742 1353 21362 17919 9349 2064 21782 17697 29805 22868
24627 13556 28082 24965 10544 15127 4599 24058 20575 14135
14778 15065 19257 10431 7601 9891 27782 1293 302 23545
19314 11807 12414 26090 24844 4261 20597 13058 3494 2795
20052 22736 15110 9208 11059 129 6587 4052 5594 2117
2860 29567 18023 9552 7981 24366 13285 31606 1353 4128
21009 19056 31184 21903 8751 27186 4073 2392 23667 15014
15909 11367 16583 9530 26130 23821 6360 23848 29166 3190
10218 9072 6444 12402 1778 2284 23239 7517 36 15018
9111 28213 1428 2555 15058 7360 14528 23665 22581 2054
555 3262 26268 4664 12190 12299 9629 31709 29622 9531
21305 1458 20172 30194 7910 18691 10524 13352 11846 14396
10908 24949 25624 23289 10265 8915 23949 11181 32050 12060
16527 18095 24357 28934 31031 31533 21476 27107 22171 22769
13293 14368 989 9066 818 13925 15136 3920 29399 31652
5492 15836 22517 5220 14954 18378 5431 6764 31246 20423
16486 21552 13173 27964 1301 4095 32531 14361 21822 954
12260 24810 23647 30327 18539 23929 27203 14981 3365 13768
18894 15291 519 27062 21232 31607 28258 25479 13003 18704
20238 6372 28095 4903 32055 20999 23924 18399 3228 9025
5787 28022 28127 12944 5094 5625 22934 16093 86 20898
15257 17097 11607 11349 17646 31180 7135 9816 15668 23003
18523 29428 9536 4370 12084 18687 15179 19713 21274 10097
30517 621 28473 24215 10008 25925 24560 9588 31418 10491
12130 19232 18025 12141 5025 20880 14852 2710 10205 22651
16229 914 19063 26159 18230 24818 7506 27165 25178 10331
20404 26871 27365 20568 13354 20413 6450 11355 9057 13054
28555 1345 4745 20561 10380 4977 6687 14494 25636 9449
17205 17034 2583 26861 9710 6744 25985 5061 30730 14829
3636 19310 26110 5269 16684 5595 24904 23260 2015 23519
25870 11315 32516 14534 2903 21238 26725 21978 23759 3506
4517 21195 15974 21177 10310 8797 14918 7895 28941 24610
29282 31765 15715 15442 14474 30247 12004 28753 16741 17702
10149 25323 11646 12444 27566 13594 4610 10592 28222 17887
3121 12761 482 5501 15632 25588 12197 2279 11178 29389
3212 23194 13213 5238 22702 15168 257 6427 8088 28771
18060 7847 2489 18048 16068 7320 23609 21251 27215 21077
15756 21115 23390 14172 17421 11368 23251 13751 166 7738
12538 18786 7541 23300 20991 11650 10665 30604 2249 23120
4670 29155 1678 19443 7520 10802 29372 10092 24929 3978
1065 2856 31485 23421 15106 2699 23616 6921 12409 11824
2415 4597 6232 13683 22927 544 420 29365 6780 25265
24792 8201 27368 9924 17571 20339 8857 24058 25369 11395
21804 2814 26798 2782 170 11698 22844 13390 2291 797
19460 10245 3330 3574 6203 9633 19435 29558 14953 5488
29195 18449 11514 25217 27372 11458 20593 22896 7382 18027
21585 21579 10268 20108 17102 18970 9618 10757 6426 1393
21947 31973 16902 8619 30991 22050 5398 20555 1874 5059
3258 15535 2323 18106 21372 28610 19425 702 30971 16465
206 6638 807 19628 21459 31347 20172 27843 21504 12658
18556 6508 15651 12 16167 31185 31271 12964 16993 2152
32709 23227 6832 4880 32457 30023 16180 32110 31089 5319
17471 23835 13164 27711 30053 19096 9727 10813 22747 32277
10076 2702 30614 5148 19044 2169 19288 19661 11513 20530
10374 27379 4549 28764 21160 8821 29148 32627 18711 17275
6167 23361 21599 6024 28993 7627 6741 2762 1466 31643
4441 25921 18624 6682 23468 19219 17108 21935 17422 24704
21773 27223 31568 13950 27829 19137 13645 23153 15092 13055
1840 20522 13053 7029 28192 2790 1451 8243 21366 8962
31219 20576 13269 12498 19607 12989 21644 32754 2443 1873
5409 1184 19379 26761 21143 7398 28450 23223 29545 30555
23659 22161 1331 27266 7759 9051 17912 27350 3289 32142
26701 12193 18555 5044 23472 10378 17281 5191 32081 29975
9358 11940 14957 19825 12063 1806 6334 6272 5814 30753
9351 22966 8798 17388 32388 30214 29026 26715 4118 7155
10423 18668 21363 2911 13744 2555 31290 2790 21188 9849
23110 12970 23073 24924 4175 23240 3008 16951 24971 32025
6289 9404 20369 31787 11999 3348 28710 20368 16638 22248
18893 7562 976 21573 5474 6704 28479 1668 9492 19609
17251 14074 32022 5196 31177 17272 23558 21201 21379 18110
24472 14557 25993 29203 19784 13967 7868 32558 29596 5931
1434 17150 14915 12173 32532 5641 29650 31556 15263 19621
5641 24356 13705 29886 26679 28258 8983 9600 24758 6178
10646 16815 21365 11271 28543 10574 7141 18825 12826 31038
10323 23444 17276 6242 4537 25039 31296 9853 10513 27571
18361 13023 27286 4451 26028 8587 20006 30784 18116 2556
17061 20241 6400 15137 15514 7263 24960 15745 9761 6503
29101 29926 5056 16465 30508 286 31348 22598 832 19008
7067 365 23930 6968 23572 32508 1800 16664 29451 13021
13557 32381 4915 26179 204 15644 3158 25902 27920 16053
8929 6882 2332 3935 30265 17965 28351 32286 28368 708
16567 5853 26745 12653 14878 25643 483 19969 13026 14061
12584 461 13110 21861 15264 10384 5703 15639 1981 2072
15047 26648 4823 257 23625 29601 16366 28217 4377 8508
25933 22700 1981 21259 4178 18840 9296 3535 31762 14747
4087 1974 15094 3494 26645 14045 3957 29435 14749 15572
6855 22617 12312 25889 12790 31880 12065 13620 31728 19862
19357 20882 11730 17977 22321 19684 28748 10388 19174 1568
9553 647 15154 6366 26427 5039 26211 22899 22664 464
16996 12534 21730 23752 17607 12351 11525 11318 8774 31077
15833 26749 20668 27524 25734 14308 11312 18513 11393 8142
7254 13300 6023 16331 22850 23828 23586 32242 5494 1943
19624 530 15298 27700 20957 1092 26971 29644 10666 14668
2601 1287 20922 31652 1373 29058 14973 12024 24419 22904
31953 20712 6256 23565 7698 25130 10497 241 30688 22780
12746 9963 19441 16472 22639 25666 2806 10253 19514 15606
17630 19435 12581 10379 2867 24942 18255 1279 20801 9085
7719 3768 24658 1934 32245 11642 26463 17485 28849 22726
20665 20236 22200 23582 8240 2273 16277 19644 18321 9373
15937 30788 14618 5833 11872 32227 11940 15394 30872 571
30936 2873 16394 24841 27597 23304 25995 18967 24299 17618
16241 4282 21583 23009 7967 24607 31806 7299 22687 20844
12972 12960 15564 12925 17611 2840 5602 1022 27052 8949
20216 21366 14500 20934 15856 24659 21721 18033 28520 20358
9802 23844 18321 22517 29521 7730 10766 9345 20893 20033
3789 13603 1964 4984 17251 5643 29764 12974 25039 23405
21850 24863 17174 18131 28576 29919 15186 295 14943 7307
18850 30999 22850 4929 26798 11343 26776 30143 15992 8345
32576 7257 28368 1594 8695 30925 268 14735 10522 6339
12855 19693 3128 14388 19640 17408 26284 16420 13466 15407
11913 26952 24247 12590 20419 27338 22082 18506 7528 17834
14819 1635 30782 29674 21599 19576 951 22229 27146 27741
7064 15497 593 13034 8714 3329 12908 8695 18303 12500
19039 8054 11540 23163 4620 11873 16454 16384 15499 26107
20625 9886 1793 22912 28953 9587 8578 16032 18334 4576
28373 19643 10995 30394 121 25813 4193 8193 31315 11359
14980 13801 8592 6838 16748 5304 1864 10579 8889 29174
14376 18943 16440 22197 7361 24758 19704 673 24032 1919
5085 29928 2811 10015 7645 31991 14809 29188 22631 6017
26757 14626 30802 3179 11176 21071 14995 3218 22781 29772
21515 178 15487 10105 15121 13602 16242 7585 17931 12845
12842 12079 18413 7887 13868 13611 4410 20778 31503 11085
4207 29617 14050 16454 4126 1142 15232 28790 17217 803
5493 19391 25183 9980 2379 14900 12705 18527 32420 6523
31367 8352 24836 14252 20608 25138 22251 11971 9099 32130
10799 30351 25682 5562 17686 27664 29591 8450 19005 26460
26459 22983 18853 22929 29502 13718 12195 12186 2364 6945
24601 8032 16306 23856 18166 10679 14769 27455 28762 27234
3110 16501 22647 30193 13143 21022 7020 24062 13732 24963
695 7182 5337 31466 31549 21336 13873 22355 31430 7300
23624 22717 14951 5506 13682 11262 18918 1081 17020 21274
3164 243 25849 7694 25071 17773 3388 1167 3364 30237
13419 23924 5415 16523 16070 224 4575 32124 28820 18623
5238 3965 18889 26074 21201 32283 16444 7309 10938 17925
16116 4203 19967 29697 10567 28893 30172 10685 30650 28529
25883 5901 7795 29792 19635 2255 3730 14001 11132 25581
15789 745 28628 8418 273 17337 11237 16332 1004 26188
979 25618 17852 20869 23546 3094 14207 16355 11356 22782
9391 4715 31864 20949 30489 22115 13456 22967 19394 14540
14758 6501 31092 23094 25712 5565 18772 25225 1744 23220
12948 5534 13620 21250 5393 27819 19792 22367 27669 12611
26217 4070 20256 14316 23119 297 27097 10954 7075 13304
29149 30107 9875 30766 24219 25412 18942 29530 29939 16279
11076 6232 24038 7266 13962 5111 17402 25345 32000 30844
20385 12133 881 23834 19377 32253 8616 9739 21447 28736
14471 15225 12728 15765 12894 11478 1719 25727 17339 7771
13175 31136 6979 15389 18516 20027 15000 13055 1732 12161
19118 21605 30660 19964 5657 8355 8525 22661 7138 23023
17573 2707 30631 14080 9587 28089 16808 31882 17810 21733
8881 8491 4123 27912 10024 8646 10401 9599 21635 22517
18569 14943 27950 11800 10014 2434 6340 31137 2876 13052
1425 9647 28831 19421 359 19916 4588 1157 32447 12767
17990 32128 11112 425 7147 31022 10431 27129 11608 10070
3871 31939 1329 594 26532 15685 11948 31503 26639 14456
23475 29572 6192 22905 10663 24157 8795 9313 27767 26304
25614 29568 31003 20518 22388 12767 5578 13559 31701 28861
28544 1547 569 20147 15169 2160 31378 7004 10703 445
3900 2794 5563 18052 27706 16067 26119 31412 22565 24314
11433 21502 30425 5118 15346 6286 11817 29697 11814 23878
5692 15299 8817 5560 23924 1839 3500 16340 8660 31780
29472 25874 18197 30685 2993 8662 6263 19223 11777 7109
4391 6318 29130 31538 9288 28499 881 1466 25538 29045
10677 24959 2028 23881 22742 16864 26994 1131 30477 12879
20899 10888 2029 3004 5198 23408 7341 3737 1380 30285
7496 18940 6631 1676 19212 28025 1786 16500 29389 9760
25907 8962 1605 22007 29598 22830 27839 7344 9364 27719
22834 27646 993 20063 11132 28063 25961 21545 27269 11868
32448 16770 18543 6426 24093 20286 22971 14790 24220 5530
9456 3633 11538 11078 30262 18617 9050 24354 14438 13827
4968 1594 24165 3054 4 3888 21080 17128 21631 434
4881 4406 16994 6442 226 5147 29881 23533 20986 31285
13958 3977 20459 28676 29616 26005 20762 13408 30346 3086
19810 158 21227 17720 8872 27066 10507 18097 22481 16551
257 15762 21818 27960 20144 1111 6331 29177 25371 2395
2647 20519 28623 6137 2396 32299 22782 13832 5740 25189
4056 30746 28907 29034 10764 25431 21982 1905 25776 32465
22459 16693 23356 31154 10222 4833 1843 537 9321 9929
26094 12966 5926 4219 12755 29513 4598 7486 23347 32717
9882 11410 4796 27901 27152 16550 16458 22005 2543 10938
15634 2772 19979 8325 2023 16076 9075 7556 7299 3503
17518 11368 16577 23463 6440 22105 1582 18227 7516 20520
4690 7417 29535 3679 1547 21964 1838 17750 6213 5621
11657 25215 24943 12748 7800 18410 4771 20429 301 29128
31104 27388 4986 9808 11053 7964 20247 7724 19180 27287
25794 22195 9900 9008 3723 27027 15629 17980 28462 22284
1028 29041 32111 19729 16368 27726 4636 7076 19462 20645
15459 10680 26469 14048 10722 29527 3969 12242 15586 9317
18147 18168 125 25864 32380 27605 2396 22908 969 286
15442 6161 9762 29960 16095 2239 22289 2391 17715 17339
19472 25047 32438 23490 18826 21853 18060 13775 21469 14355
4477 2381 31437 21270 6384 16595 15187 25063 9053 300
31474 24533 16621 7089 16042 27753 12200 17294 16235 11772
12938 10116 27581 14864 26880 27222 10546 25610 27415 22531
17461 27737 14308 24103 12246 13613 11230 20801 24165 5977
9663 15121 521 17201 21274 2117 7417 10516 18947 11260
7380 8387 5814 6545 20540 30638 11703 32767 10263 1676
5167 18064 9483 1738 3423 17042 6044 29374 15960 27318
5223 31497 29313 2040 8263 27928 1671 9898 24814 19444
5669 7962 2354 6487 15402 18204 19273 9988 20173 20856
4777 18069 21336 437 25838 13150 12054 32111 14215 12366
25813 31934 15884 4832 30592 22258 19247 10817 28616 21287
2124 4957 25192 10355 13889 25367 29071 19837 23802 9544
23873 16194 10130 15505 9661 31688 19085 29577 455 23174
7936 5956 8552 7786 28976 25495 8360 8451 9320 18534
104 25371 28342 16540 6012 8633 14077 30534 5390 25776
13505 5552 22341 17880 6302 22860 18450 12143 30147 21529
23733 25258 13610 30798 4295 4414 14849 17429 24209 12242
11872 10603 7694 17603 29093 19035 547 485 8156 23324
3238 32696 6258 13423 11135 1389 28109 28129 2595 31277
27988 3262 15901 18669 26411 21882 24257 3069 21937 27153
14011 12596 20524 7135 16141 23158 20823 9024 21984 3403
29890 15306 17030 18455 165 5903 1938 13505 25336 27484
15009 12586 29598 31853 14666 4186 18332 2318 8920 4480
2505 3370 29380 14458 30761 6281 3425 3045 25574 26943
30623 26374 12928 10745 5291 7662 11828 14407 26364 26019
23314 7366 7585 32130 15290 26109 2770 10055 3141 2614
22592 10762 3339 18381 22448 20495 22297 31273 11341 30477
31640 9465 24934 1228 26063 9732 2121 25769 18869 25492
3905 6156 22337 6200 18829 12582 29107 7817 2370 21970
15540 8677 23876 20322 31012 20436 19735 2990 19776 32349
12733 31860 4990 11884 18458 13534 12070 2165 15993 318
13163 23318 30721 25396 27588 23453 2534 3090 18468 10853
6806 885 28735 7832 27384 9252 11743 19722 26017 10385
29947 12117 10214 24793 19799 2341 2150 21549 26588 31658
17190 13706 30001 2120 24580 1374 30812 151 23974 23550
22179 16077 26599 14727 5288 6310 19512 31657 23919 3566
32038 30515 11133 5884 11520 31983 9020 3571 24606 27105
15538 20324 17940 16720 24697 4582 20762 16001 31741 27288
14814 2288 19794 21767 17023 25067 22150 13338 27636 25663
17618 1875 14143 6558 14218 30103 21076 1085 14983 11468
19086 17277 18610 27818 3089 790 20029 1550 29010 2691
22421 23047 7150 12272 5095 29937 18274 28524 9469 16328
17947 3151 8577 13168 27056 22562 7715 2283 27348 4983
27968 17211 8835 19669 17777 2957 482 12642 2189 21376
32765 15951 32458 7115 15977 6953 17612 19531 20457 4992
4566 11349 29353 28456 30639 6020 6336 7731 26409 25468
15464 725 28499 26863 78 1640 23014 6364 3212 31517
29800 6144 19970 28557 26326 19399 3231 15598 32345 27633
3513 22246 12644 16621 30107 12861 25543 4416 27172 27040
3483 28682 4622 10284 4118 6336 20873 20509 27971 10525
1826 14513 2515 30995 2854 20322 8247 24868 5559 20526
10617 4480 18269 7340 26918 26409 10714 4733 17911 31976
12441 14662 30292 14467 28684 14698 19583 22178 12118 8437
24700 29447 10743 24178 27409 16684 32362 9209 5631 22200
26621 28313 18174 19729 25241 7548 14514 475 3780 1708
19416 380 22283 10522 31810 17851 8185 25324 12839 14739
7050 438 27424 20065 23159 12622 12857 14031 10600 24655
264 3791 3031 29493 1486 561 7647 11671 20872 15483
2431 21829 32069 27456 31770 13924 4517 3456 17781 32027
8347 28443 8663 28484 16385 3625 7667 18399 17371 8453
28940 65 23173 32066 362 17801 30640 15431 26199 21703
1087 8201 13360 14580 555 1438 25019 24907 20219 23610
24705 6388 20749 16029 946 7821 1427 26741 7776 14341
22542 5735 6750 10907 8618 15683 25813 30525 32698 11699
3253 3125 12785 15941 21192 30785 7311 18732 12722 13623
11031 3587 9244 5874 11323 19747 16549 3951 31209 8431
23987 31972 21040 28231 17789 3247 28854 14463 13935 11637
17200 30668 17044 25364 2429 19836 16704 1713 5025 5366
7339 26534 18184 26729 12103 23965 31481 3784 7711 21951
16378 25131 2760 15542 20422 25048 22423 28640 18391 9779
28439 1756 27004 17666 26413 27972 5751 25672 21601 8317
22836 30622 15679 26791 22569 28269 21735 16169 19487 5773
2860 13033 27938 8215 3058 26444 21763 5381 24277 19264
17476 28566 16114 25994 24007 5046 7008 15742 21950 4040
20867 15013 5681 10422 29061 30219 22262 8927 10824 3251
3330 3474 12152 24274 13397 19537 12307 88 23030 23578
14343 28699 23241 22166 25511 16382 12854 20980 28961 7905
28103 2684 2160 11262 25070 18714 23073 25006 21901 28944
12833 25994 31620 8687 10717 18823 13447 6965 26379 8622
29366 1090 29231 22550 10266 26504 15137 13366 26527 26787
546 5786 24382 22935 30872 14056 3344 20809 5604 4495
29769 20407 14763 28005 18461 24136 3281 12250 19365 17557
8176 31197 15904 29533 15266 10879 10544 5025 6117 20107
13598 18604 5030 375 3717 31767 28672 21116 32453 6161
8436 13961 26611 29353 26059 15170 20610 27611 6929 28534
12034 31817 6429 15700 29166 5347 30907 12526 7259 29570
19779 31347 12706 16723 12757 16253 19502 12635 23010 23916
23358 18865 10483 24062 20759 31012 25526 29739 15814 11954
19978 11342 22031 5827 156 26570 9586 3878 30001 29580
545 21717 6873 26920 7210 4983 8445 32474 26999 27942
8511 30245 22043 18762 16521 26193 18287 18433 23398 7925
24013 26520 28544 4664 30022 2172 8154 30469 23864 30904
16005 25622 9199 9663 2616 7744 4152 5323 10465 15109
7238 7460 27138 2943 5201 29938 2057 12309 16313 20086
6495 4943 9616 10589 24167 6029 7448 14615 11688 9680
3256 29578 16012 16310 31228 9743 19482 12560 1376 31162
27800 11597 23202 14811 12578 13034 24098 10764 1105 18654
1031 8095 16976 12219 15894 26660 16677 21270 5200 6537
31473 11091 12667 14284 11820 23048 15614 25473 26161 4648
17564 16150 18602 28813 1301 18289 10164 13336 29626 11312
12557 7720 22379 1849 25264 10256 25330 18259 10437 6484
30061 17625 6544 1413 26849 24389 20973 31195 4707 32028
21657 30229 4169 27260 14376 18014 27183 8969 4191 27952
29774 15276 11583 4821 24803 4953 21247 8492 28790 20729
11454 1822 24897 19294 27788 31103 1629 14251 25621 17772
3958 15108 6435 9286 30030 20333 25550 21860 14475 11278
20427 17790 6876 20083 29631 6764 28776 24542 28390 5275
29268 10788 23046 1068 18860 10531 26849 3102 5111 20183
542 30312 3663 19636 28214 30728 8588 12355 23086 13931
20883 11641 26492 24237 19115 28 17803 24886 18005 17635
21075 20732 31240 3934 8425 23767 10655 11793 3404 13859
8811 23095 15502 11571 2857 30800 26712 28421 23636 8687
24240 19334 31094 27146 6782 13567 11421 30704 32401 26973
26922 3123 16805 9774 7292 27313 15546 7899 31171 18755
28623 4350 1048 3853 29107 4228 21368 32024 8555 23300
27394 31234 17336 11534 28166 10243 28148 11709 4825 23372
21644 23228 18377 14865 18701 32191 15393 7849 24017 17040
20243 25426 25785 32383 32761 10741 10053 24927 7369 9594
11057 10874 27209 3316 958 30751 13522 22348 15601 896
31419 30088 12604 5350 30055 3715 15705 10595 389 12379
992 8335 32270 15071 22491 26403 20125 17675 14104 28952
13597 17051 18281 283 20876 31120 27884 10450 25298 18423
2112 27241 13900 23978 10686 27030 4921 12653 20193 21084
24047 26159 15139 13160 27743 14526 6847 25563 30860 6766
5227 1355 9793 4462 23735 26892 27147 29653 26017 25163
17288 13556 9080 28866 27222 17808 16576 3531 5690 18640
27926 20807 6086 12907 1274 12701 30835 18971 29969 18527
25641 4672 32076 28741 17272 450 29812 13132 9173 1595
32513 12414 17682 22812 9925 2528 2393 875 6717 17732
9866 18410 20289 23797 9641 18919 12967 15585 5588 8506
21409 11926 465 28824 28368 1834 18422 6493 7596 4056
21927 31849 15081 14258 15920 14916 23638 1441 12410 4956
9996 27771 8036 810 4089 6663 23014 4949 25808 7778
27596 9005 26414 21884 13964 16876 4316 562 8803 29459
19236 19546 6266 6451 12848 3832 9326 20508 30895 22550
30943 829 28673 30184 28793 24603 20828 13320 16973 25551
17415 6618 20431 17983 7840 32622 18698 4543 3538 27336
12268 12305 18241 11745 19772 10199 6510 25822 31779 24667
18869 10908 28226 16486 5406 28422 9530 26535 14702 16623
26614 4272 13038 8867 3126 26052 22796 26228 14671 31606
6914 13045 11293 7653 30422 4357 24973 21240 16337 21469
7163 20748 21646 20724 3240 1095 31678 21130 20544 29364
19903 19178 4512 5371 12851 29207 23534 16686 10254 22076
13896 22941 26078 23716 32451 2526 26884 1821 18233 12182
2084 24427 31438 23048 7182 579 31021 14581 235 29388
13055 10557 5820 9287 20467 19902 10756 23264 30299 4839
20351 3027 27260 30692 8730 15153 10704 21833 779 7002
26085 11587 14420 5425 24171 16045 8308 17917 21749 9817
22562 6047 30870 15996 655 24223 11803 27342 31831 9219
28528 29665 8585 31666 16372 22561 31433 31500 32267 4192
649 5229 26547 9138 29973 2337 25949 29552 12465 9897
11536 21697 30886 19346 10226 8601 20896 11347 14372 26190
29131 22583 11740 12918 28915 5399 13436 7230 7132 27317
12476 27614 20037 7375 14518 21562 6764 31039 3159 14511
26435 20433 31896 25632 31864 2547 20419 4483 16549 19726
3008 672 13695 22677 19467 686 23393 16417 14488 30182
20350 26016 5179 16 12712 5036 29674 25893 29014 25689
30917 17211 17748 21117 32506 24376 19616 20525 2367 32520
11366 30875 28271 23943 25642 15997 23142 11074 15708 23923
12577 21064 12125 18953 3296 31771 21155 14256 26073 2807
18607 8070 3074 9159 5233 29410 29938 10503 28726 19499
31072 10915 22447 4190 17843 8748 32234 10896 7474 13250
24706 13421 29169 25705 7209 28115 15453 12755 19872 27715
12562 22407 6673 20036 11151 6581 31718 15625 15522 19003
11112 25695 8629 11262 16356 12609 7830 3725 30464 3753
29142 26855 10338 9819 903 397 9509 28325 32407 19417
29561 16235 6349 25833 4613 10450 22517 2881 9744 12017
2471 15887 11844 12190 26025 4212 5310 16764 7266 5840
9668 1247 9100 10363 21228 32472 17355 1793 10445 27925
23653 635 9741 1053 6226 23731 29951 22956 3910 14445
2048 10174 3876 23119 14946 23959 28715 8697 19102 26480
30886 30966 2798 24565 17076 1523 27989 24859 3262 29111
32628 18306 1778 10727 22087 6327 250 26068 5832 12536
27582 28918 21604 3219 17060 23900 23931 11115 18958 20035
5412 6420 10506 22151 27257 31495 11828 1102 8209 24506
8460 566 26335 5162 12712 26610 20966 22077 21260 26967
9020 31752 7686 20816 32263 13427 27008 2073 14771 28571
22662 27285 26033 31089 25920 22316 23919 25002 47 15682
22465 14364 16394 6560 406 9287 30455 5108 19844 30028
135 10797 4665 28577 30324 21461 17474 31997 22488 6393
30837 7922 7451 28585 15122 31653 1328 3081 15202 23949
32471 14775 9295 20141 7326 14119 9222 949 26335 6133
5130 3596 24737 14671 25241 29763 4239 17799 28131 13478
13563 30493 18418 16323 26488 3620 1357 26299 23649 14412
3211 3336 28729 13639 7332 5993 7630 6271 4157 12834
19391 9312 11311 24067 9320 823 574 32223 29896 27405
9990 1053 18367 22636 15735 20777 6091 28675 4466 1229
4608 5291 20308 18301 31498 2571 28288 32152 27 15072
3198 18133 24731 29027 458 19424 23700 13436 24768 6896
31422 25527 29782 23152 3326 27051 11369 3324 3974 25822
26639 28427 12363 28274 10423 20461 17840 11339 3912 25291
1633 21346 28031 6848 9459 218 7015 14332 5676 32685
3683 17447 2609 24988 6887 9136 14255 11938 17148 16210
9033 11146 10331 31672 16628 24756 19374 14820 2347 3295
23124 10904 28830 7937 2808 10181 1268 17572 9933 11563
20892 14383 9955 2561 1009 6533 25378 23570 19184 4236
10977 22418 8478 4468 15153 11137 12225 5307 17429 21479
5707 16840 20970 12770 23184 21992 24454 25845 28093 2861
11862 17672 26629 8541 21608 13740 22403 13369 28994 32640
2406 7140 20680 7609 24373 8227 8678 21320 6520 29114
26295 8684 1849 18897 31282 15744 23902 15153 16836 15890
2977 9732 21061 26809 18767 28097 28481 24975 8373 6
4973 15013 15425 14318 2124 4065 3067 13975 9016 7645
28454 23223 29384 8676 29669 19824 21115 3537 4357 346
27699 5584 12686 4220 9545 23774 20113 21653 5077 18298
8092 18678 11200 23371 18272 21276 2945 8600 19071 27472
22850 16698 26376 14272 5757 10599 17202 26416 7702 28764
5495 5058 30802 16772 4761 7756 30653 30245 27279 26354
5306 2845 24028 14243 297 8527 13399 6427 1448 24970
8321 21499 6979 30571 7973 5820 8124 28919 5630 9234
24915 9114 4996 8195 1255 1413 17837 28890 20886 3738
21929 30851 12839 12829 3295 15164 22045 29822 28226 4843
16965 25206 6167 32088 23383 12942 24608 32282 8114 30960
11274 146 459 20785 16567 7879 5053 16667 15880 24568
24693 11544 19409 16779 26890 31557 10536 19791 27974 23351
5438 11355 10207 28472 29369 28646 32032 603 10494 19987
2272 14530 4069 15122 27566 21462 4435 32143 16635 22815
7397 32735 7655 9847 10080 9798 15649 1140 27364 19153
28747 9486 30338 30286 12667 2295 17939 5293 25097 12120
23408 13329 14691 1506 8220 12952 8413 19967 29141 22813
10283 10923 15907 9513 1501 32616 4809 28057 2207 8143
18481 29227 5436 29276 3873 19624 8412 6646 24529 11794
28882 23128 9242 26859 16226 14253 32017 23798 13205 5671
13991 30030 4210 28716 6769 15296 17281 28145 16270 7197
21723 10273 23135 6748 6885 4618 10319 26619 3920 16505
2822 28256 19971 4290 31276 13630 1203 18588 30848 10323
14807 16088 11413 27679 20475 3775 19578 10639 6644 6224
29189 17953 25118 171 15894 11634 11980 9339 20006 26127
21048 22486 8285 845 2718 1668 19495 16799 28880 6110
10220 6542 6280 29138 1641 14013 20673 19169 30359 29903
7293 4850 7391 25168 13848 5958 13784 27330 29446 6019
6877 3195 78 24056 15324 19176 15763 13100 5196 15439
23455 2753 26005 16897 17713 16675 15493 4624 9593 3968
29793 20075 10411 23925 4851 6849 16629 27206 7982 17126
13498 8463 29785 13572 25499 28579 29547 3390 1019 14838
22069 28082 15164 3631 26249 16379 30014 15960 2274 14880
24063 16286 32433 12643 15517 27448 22804 19197 11191 20773
22101 21709 24417 18138 13722 27974 26256 10960 10324 7580
2777 2333 12889 23656 17150 28408 32167 6548 2780 26083
1609 3583 4854 4722 20565 30893 28489 16534 14465 39
350 13930 29970 13504 9780 24216 20592 24507 394 2649
4528 10544 25651 12277 97 23599 31146 1673 30345 25369
1271 7179 13225 30412 24781 22699 24754 25530 8193 19716
16394 24578 14559 4709 14446 2209 4806 3647 10996 13295
595 5098 3146 22346 3101 8475 7596 31938 28167 16363
26057 21556 3771 7421 5887 9922 31404 14589 10819 19497
10376 18256 24581 28708 25897 8168 25065 19082 26522 2076
4249 1083 24877 6065 18550 8862 7639 26868 6330 3941
23435 5411 6048 31639 11986 28703 21964 20269 6871 12653
31470 21022 8235 6123 5216 7464 9173 6845 32107 956
11218 4194 10144 14727 23877 15133 30042 1858 4904 17008
4814 14481 25707 22915 8706 8210 32566 8982 28806 92
16198 21217 8082 6945 13985 23557 17737 23612 32180 19638
8160 2644 19656 17407 16419 12271 10935 3293 28895 20069
22382 8257 20637 4274 21738 1918 842 3331 13059 30023
21685 22477 12534 6157 15387 6283 32687 21325 11456 22536
24793 5426 22348 5574 13613 29617 23954 26835 4592 12641
22358 22243 5481 317 5148 3978 20921 29816 18928 16861
14284 24300 5272 22403 16372 15489 32174 30804 22484 13168
3342 26909 3202 2050 4287 2366 15267 6148 30980 2692
3628 14058 25140 4423 30445 12 29320 28922 25072 17485
13688 7163 28923 8170 4561 23501 18837 17961 24548 3199
7853 7912 3612 31616 13269 28513 17844 3742 1050 1211
8395 16276 9620 19995 6751 3203 27781 27369 10143 32334
6460 6431 26976 26827 9385 20355 18431 12125 24747 21277
3427 28528 17919 9233 26623 25459 25306 8593 14707 19659
29865 22718 30253 27984 28943 9885 24890 19888 28072 20860
30867 10663 29960 2711 8544 8533 606 1136 30487 27592
4504 9900 284 11356 13570 4487 28482 13516 4910 18360
28330 20537 13320 6402 26644 29595 3945 31958 31308 30950
23210 30332 12734 10303 15549 32121 83 2875 3875 24077
9795 12463 28555 29876 22940 724 3403 20303 10147 19639
19942 26544 24167 12391 11753 16909 29837 4026 2586 27593
29393 28147 11583 29904 19380 14148 13305 24607 8335 22038
7021 12081 12089 18876 2569 22393 21191 9300 2438 22091
23146 26731 1824 1593 20448 4036 30459 27649 24749 23494
17757 9486 23668 11581 13860 9485 23699 960 11042 15422
23250 92 24545 3025 18999 9943 18837 12571 4690 73
27909 29300 5116 14556 29620 9195 11665 15607 21919 26902
10698 20093 31900 14063 10094 16909 3124 17477 26197 9217
14666 7149 21035 28310 30415 20997 29176 20761 19087 19658
31898 11994 28605 5152 32295 1948 20251 3706 31518 397
601 25563 14809 24022 1428 12636 97 3969 17809 29651
8924 14827 300 18465 10107 13883 22093 11933 7919 8285
11918 16695 14248 4875 19671 20342 25301 3109 5310 15205
139 2036 32697 14619 6853 31553 2749 15217 31089 31126
27811 26246 31891 27015 22031 4383 6937 19507 22099 15852
13131 23198 10188 8225 6320 17149 17587 8658 26753 27437
14108 5404 7097 23450 19071 15972 11833 1256 18335 13257
28409 2261 2892 16103 29059 8024 7041 6968 7228 21821
19698 14484 22374 11502 28579 2764 17235 2227 20782 17485
23925 18660 9935 13764 29354 8361 9831 30829 15944 32172
2942 1678 26978 2852 2268 5592 24996 16011 15413 757
3503 13519 4100 13802 18312 15575 23235 15501 12388 5630
21927 7850 21117 175 2655 8124 6615 16268 15680 5350
15856 9455 26973 3043 22908 8372 29564 17470 11826 32631
29774 26308 32090 22000 18779 28255 9869 30424 16411 15019
3433 15572 1791 15950 31537 1944 3504 30000 24131 10615
7161 8050 16507 15506 5481 7824 20520 24492 8445 14894
24833 18006 28910 15578 27434 30012 26268 12759 7780 9746
959 27834 2958 24871 26424 23946 8155 15808 16123 25844
1882 14076 11891 23427 31117 28121 26315 3431 5927 20718
14707 20247 19445 16131 4216 18090 11766 27619 5035 13980
26660 31633 1745 5643 23854 2177 26241 31760 25267 9313
7956 18606 21659 21080 6407 24942 5997 7383 15383 18329
19110 26116 9001 22459 991 30652 22378 31610 21200 6346
15731 10956 21749 1170 13658 31664 26282 10857 7908 4142
32649 22911 15786 17242 27126 25701 16254 28546 8749 10798
22565 18338 11094 28403 557 23587 31637 20180 7106 14249
31207 4299 18940 14189 17694 14022 12599 12086 7412 24598
28331 1092 7799 20338 29037 2318 16096 25686 28694 27620
9107 6882 17133 2736 3681 10738 11510 32270 3215 29608
5856 1758 19013 19408 5221 8007 11415 1811 15589 31992
30890 27093 2396 15572 14197 17762 6065 28012 29372 28676
23714 32057 19437 24316 12072 30066 486 13610 23044 14659
13913 4063 102 6011 5959 6354 13025 25173 24527 26848
4803 14189 31013 3240 16702 1915 6700 18709 25213 17821
10480 1738 21199 31600 22981 22108 16811 15216 28742 9061
16690 4839 11964 14123 28561 26192 18240 27205 9796 28117
25895 7553 3507 22058 32496 9942 18253 21311 15761 19788
7269 29086 613 13208 31641 10211 12547 20476 27930 10609
30895 26613 31853 31618 13601 21608 2762 23197 20002 7732
12809 14736 25535 30751 13254 4958 2086 29293 14016 20646
24060 19765 29126 24499 6809 10097 19416 18295 20660 32581
14060 6274 30887 163 2350 1448 6204 1554 25696 15764
16209 4040 27233 28050 12879 4507 21770 21453 11992 5386
8746 2041 16577 17820 13943 18968 1282 23885 30520 21958
21772 27725 13414 29967 6133 828 22329 18667 17092 18315
406 19827 19524 24879 9222 25463 16109 3137 20615 14313
27443 10837 2157 28139 16203 1775 14903 4836 15455 9385
13163 29417 4613 16011 30056 315 31477 27378 7868 2508
23102 15231 16301 2746 19112 32627 20150 22607 391 14526
28979 29577 12487 28549 27648 7425 14752 20891 25565 8855
32549 17621 4964 22555 17605 9154 3446 4677 5541 14708
22518 6319 10176 1142 2801 31819 10577 11086 16693 3407
32428 11877 4489 25654 18892 5492 20397 24729 21619 7909
22951 17188 21102 595 10318 4731 28625 15058 29761 8073
24558 5411 12976 10870 27552 11605 11451 5720 3084 1779
17355 7322 13212 21262 22400 32527 10013 11704 12507 8301
18984 15101 15677 16263 23918 23109 26894 14980 16948 32489
18282 28007 23471 19500 22775 9245 6514 22974 17575 15341
29127 20799 25036 31121 12916 11855 8786 30988 12521 3922
11835 4736 30261 10150 31508 4369 2198 16488 12222 15942
179 14633 15583 4278 15376 30220 9437 16399 17961 9753
10506 20409 19119 2820 6229 15782 3177 13532 7833 21431
1500 5837 10697 29641 21259 30266 5721 1361 13061 15073
25452 31290 15517 30903 7873 20769 21675 16381 28991 18559
14342 21038 4826 19792 6182 11159 25011 28669 21990 18853
18598 14148 5834 18359 19606 29140 23054 7882 15282 1308
6097 25238 10955 29884 30693 10498 4163 25244 3101 32659
9689 19237 11737 32092 3633 22738 19071 30457 27542 17090
15627 54 15211 18407 32155 28628 31803 8533 14001 13861
5490 13432 9744 9601 10557 9710 15536 7630 32547 13337
23353 6148 30090 10445 16822 24187 2132 4197 32356 6273
24529 4001 26723 1238 8479 12281 30441 3393 31052 7739
18787 7632 28198 7054 32588 4440 18615 18145 8967 3857
15672 32391 4804 16773 160 19772 21775 25423 32560 7660
6431 6312 13524 16547 7397 20954 18729 29098 25086 19814
9462 4243 28585 24072 29916 20531 6644 1951 19136 5402
2272 1389 12144 10079 13449 28634 23675 17073 16406 7753
5587 26345 16605 8776 25962 13451 14305 21337 24241 31896
23935 27573 9992 13480 26380 8505 8496 26732 17029 18978
957 4325 27019 20217 30156 14430 23649 22338 10148 5654
28426 16611 12805 6646 1689 17335 10094 18839 25410 13197
22196 23767 17287 14133 7192 23980 19280 7196 30356 14947
29899 30084 26522 6284 25725 7445 25642 302 19591 1593
9971 6402 11230 7255 14567 4125 21795 31036 127 16358
23708 18668 2162 3317 20021 30062 23951 22186 10146 5123
8799 210 4769 26649 23678 27380 29816 23915 20312 13657
14697 16144 2196 32449 1465 10193 15534 11899 2819 15443
18228 21085 6638 8432 9531 23382 24288 9729 20523 27848
5381 21670 9881 12416 16650 1315 12395 11974 21379 31158
24557 18460 4159 13478 25410 6844 5355 24638 27281 4809
12594 19834 31761 27646 31993 9523 19879 5215 29937 29116
27763 29417 20982 30009 28007 15797 15732 4332 19799 19964
1002 14610 13106 1728 12089 542 22698 29705 3554 8980
25737 12347 24103 25586 21341 21216 22574 24114 23657 8901
31474 2437 19906 23231 9128 31204 9171 25579 19129 3556
32631 14496 10919 9929 22816 20009 4975 14266 27652 5960
21153 22679 10566 12131 4313 4682 28545 18773 25588 29293
27893 635 854 17400 26527 15426 20796 22791 13595 21412
3053 14104 11371 20161 12260 6899 30531 18100 17337 479
11098 29951 169 32732 24237 31332 10132 16911 12041 14963
19894 8830 18869 17176 25458 2489 6207 1490 7840 7544
26373 10090 24954 30996 29738 28230 26624 543 14968 13698
15702 31937 17253 30857 14851 11600 15584 23122 3009 32740
3851 10374 21523 24275 3181 31325 31323 28911 18833 13004
6760 8822 23727 16149 22401 4637 31171 30827 26625 27856
2849 2652 31351 23944 14324 10837 5853 12803 29029 3516
10711 31534 25628 26844 4618 13651 2019 15331 4248 17103
16075 11834 13811 7601 16974 21455 11118 7748 4250 24739
15403 8207 17212 147 19961 25167 2050 15182 16614 2929
17861 3303 1509 28923 32327 10076 30760 28639 30552 31350
23311 29876 32656 21573 25909 22068 15194 9096 8055 26016
5553 30501 1483 2462 15189 28089 12077 19549 15478 29901
27173 20033 22710 20558 9661 1481 7556 5999 18004 26174
28930 2663 22158 22519 4162 27980 9131 2307 11232 9751
18189 1226 28630 26261 13172 8594 2983 4069 21131 19196
22312 21970 32528 27238 26395 13278 21548 17771 31307 27682
13490 2789 9292 32264 22825 13358 25829 30724 18177 7036
24061 27513 4083 27497 30296 16538 23586 14434 10780 2762
7640 26508 4502 9820 5354 30447 20482 418 20086 5289
8302 22996 5803 6648 4940 19013 6321 19204 19861 6912
31459 11832 23167 3077 27529 14527 4694 28168 10457 31318
11884 18817 11206 22563 2510 7615 3263 24085 4673 17917
26344 20795 11660 26739 20334 29489 9205 18158 20429 11029
10773 15166 10362 11241 25896 20665 20537 21922 16801 18631
12281 27229 11942 27279 9886 27109 27931 17338 7802 4697
32286 8742 20335 20059 22079 17591 5799 18135 8983 31716
28332 21946 12809 21364 15372 28705 22749 22265 2201 21710
22916 22058 29902 9457 8964 13896 6386 25634 27410 23388
28908 15066 29804 17265 10271 12460 10509 8221 11450 21239
23666 6866 29065 16683 19226 21636 28276 905 9082 19189
1028 24593 15474 29502 31875 5101 14190 15736 19927 24073
8820 13877 28140 17003 19911 7366 8513 23368 14686 4777
27112 25624 4431 21885 16179 8260 4120 14968 30 15110
5597 21557 20324 13841 15648 30378 2484 20653 7131 20331
1478 14828 29373 23668 199 28839 4397 5668 5370 20509
14454 12799 21902 20951 2672 19528 15676 30007 6223 21530
3021 741 15905 24585 6650 7552 31676 7638 4706 6208
19815 19905 12930 9326 14313 6834 7271 3565 24511 14020
16444 8986 11513 24573 23678 13254 8693 6201 16742 14598
4201 5805 10849 6233 23437 13995 19502 16636 24965 1568
4525 11252 6281 7787 17155 5721 7822 31876 8182 22211
26157 22830 1564 25865 8030 16809 9859 17811 26429 25413
6818 30992 28358 20099 27781 26018 16757 12792 16885 741
12806 25449 25991 19001 10947 2829 28184 12802 7664 31663
22095 7001 1153 21379 28373 18794 7606 5016 28029 24721
15582 7670 15517 12683 8509 22944 20849 17424 30850 8052
5290 28262 12502 19446 19562 14586 25774 13351 32372 23421
22871 5342 2068 4707 8779 22865 2348 16285 5977 28610
31152 29712 24023 25904 6505 7540 31345 7782 23887 3343
12607 11480 1316 13315 30363 10540 7567 16248 8526 24987
5113 21078 31348 13064 7153 27248 28536 3470 5412 11190
26681 191 30867 10727 22129 17821 8018 5249 14808 4307
22143 3957 31150 2007 29611 2265 19342 23051 21750 8327
32681 9046 20741 9826 30043 19174 24494 3842 118 8010
426 26690 19196 2225 5266 12297 22012 5754 26684 7964
10208 16703 12417 32632 16150 19421 29605 20042 17757 7270
18334 23755 30716 31201 8447 2339 18162 6372 29362 23464
27272 24377 10566 510 29114 14570 3731 29323 24418 12499
14280 20270 21341 32682 28407 14512 3641 27708 31587 15198
23121 12440 14799 28399 301 4928 32757 19700 20265 2685
15782 20663 25868 20284 17592 10876 6934 26134 4854 6915
13277 16906 21539 16144 28614 26714 24696 27153 7054 17613
16086 31040 32669 3060 6273 15282 20865 23721 8505 2001
7144 29831 31842 2247 2111 20920 14917 4706 4948 18723
9314 25796 11003 19671 24480 7989 6278 14598 9707 1678
26299 1176 19085 9272 9440 29914 14475 7482 24588 25492
23369 13125 20563 1616 14530 6209 11771 24985 30925 17644
